SVM_1	SVM_2	SVM_3	SVM_4	SVM_5	SVM_6	SVM_7	SVM_8	SVM_9	SVM_10
AucROC	AucROC	AucROC	AucROC	AucROC	AucROC	AucROC	AucROC	AucROC	AucROC
0.853948632487011	0.8632663464366239	0.8694630000000001	0.8089638270757769	0.8447779629448096	0.8424272130183316	0.8617410057837467	0.8277972747769827	0.8487961964513285	0.7363415351436133
0.004817268047666131	0.006995116482734214	0.007554053944737226	0.010278768655680632	0.0039645475042663315	0.004489327808996732	0.004555008226387254	0.007418937495649005	0.005294093420877333	0.010550883890774042
0.0004817268047666131	0.0006995116482734214	0.0007554053944737226	0.0010278768655680632	0.00039645475042663313	0.0004489327808996732	0.0004555008226387254	0.0007418937495649005	0.0005294093420877332	0.0010550883890774042
AucPRc	AucPRc	AucPRc	AucPRc	AucPRc	AucPRc	AucPRc	AucPRc	AucPRc	AucPRc
0.8716377100325273	0.8693994583721593	0.8749670772675259	0.8149206404903845	0.8466359472380259	0.848469664944855	0.8816341316841814	0.8511600884053108	0.8629264784262141	0.7237417082329851
0.0055320033423684216	0.006641395462492567	0.007661686002678506	0.010333051482571617	0.004527553419647992	0.005484216703917508	0.004363904859921831	0.006960858020312145	0.004524682650891695	0.01222729090253063
0.0005532003342368422	0.0006641395462492568	0.0007661686002678506	0.0010333051482571617	0.0004527553419647992	0.0005484216703917508	0.00043639048599218306	0.0006960858020312145	0.0004524682650891695	0.001222729090253063
Accuracy	Accuracy	Accuracy	Accuracy	Accuracy	Accuracy	Accuracy	Accuracy	Accuracy	Accuracy
0.755841584158416	0.7867821782178218	0.76505	0.7136138613861387	0.7518811881188117	0.7460891089108911	0.7746039603960397	0.7450000000000001	0.7451485148514851	0.662029702970297
0.007792274205921195	0.011075287532256877	0.012559757163257588	0.014857671978672209	0.01067012573394147	0.010739151711033835	0.00820812382555321	0.009535198364080769	0.008896578164053578	0.01364496896016011
0.0007792274205921195	0.0011075287532256878	0.0012559757163257588	0.001485767197867221	0.0010670125733941468	0.0010739151711033836	0.000820812382555321	0.0009535198364080769	0.0008896578164053579	0.001364496896016011
F1	F1	F1	F1	F1	F1	F1	F1	F1	F1
0.7709869787197066	0.792691226248975	0.7919146621777011	0.7441199975189362	0.7691713545796312	0.7681490762211916	0.7858729808011661	0.7755132813580157	0.7680253646007784	0.7132604371602946
0.007750528316844435	0.010298694481422779	0.011148573788527218	0.012129517224282457	0.011280046620307764	0.0092959936516708	0.007006896655188883	0.008049234556187957	0.00719871136747117	0.010810191130911003
0.0007750528316844435	0.001029869448142278	0.0011148573788527217	0.0012129517224282456	0.0011280046620307763	0.00092959936516708	0.0007006896655188883	0.0008049234556187958	0.000719871136747117	0.0010810191130911002
Precision	Precision	Precision	Precision	Precision	Precision	Precision	Precision	Precision	Precision
0.7259529032458848	0.7715730033776255	0.7106922493713056	0.6727663116410864	0.718932704530928	0.7068897372113451	0.7486158330625632	0.6927043421848809	0.7049091083111767	0.6195370062487678
0.007272386754595912	0.013986977978550943	0.010577591741582465	0.014548755795509004	0.00830310461143106	0.010984498440683256	0.0099798921274124	0.00858395672976841	0.009551396673546375	0.01147746760656479
0.0007272386754595912	0.0013986977978550942	0.0010577591741582465	0.0014548755795509003	0.000830310461143106	0.0010984498440683257	0.0009979892127412401	0.0008583956729768411	0.0009551396673546375	0.001147746760656479
TPR	TPR	TPR	TPR	TPR	TPR	TPR	TPR	TPR	TPR
0.822079207920792	0.8152475247524752	0.8942	0.8326732673267325	0.8271287128712872	0.8411881188118813	0.8271287128712871	0.8808910891089109	0.8436633663366336	0.8406930693069306
0.012323054045715506	0.014225762420326152	0.015045265035884228	0.015434116107049393	0.01875551743805482	0.01243904853428864	0.007722772277227712	0.010520704678800544	0.00843562032256363	0.017437833339194776
0.0012323054045715507	0.0014225762420326151	0.0015045265035884229	0.0015434116107049393	0.001875551743805482	0.0012439048534288641	0.0007722772277227712	0.0010520704678800544	0.000843562032256363	0.0017437833339194776
FPR	FPR	FPR	FPR	FPR	FPR	FPR	FPR	FPR	FPR
0.31039603960396034	0.24168316831683176	0.36410000000000003	0.4054455445544555	0.32336633663366326	0.34900990099009893	0.27792079207920795	0.3908910891089109	0.35336633663366335	0.5166336633663366
0.01087983216625541	0.01930540740373063	0.01581739548724758	0.025412005480615046	0.011307953691302369	0.017676803040947642	0.014501148422048454	0.014312325544231804	0.015946127813850644	0.025101694937131096
0.001087983216625541	0.0019305407403730629	0.001581739548724758	0.0025412005480615046	0.0011307953691302368	0.0017676803040947643	0.0014501148422048453	0.0014312325544231805	0.0015946127813850643	0.0025101694937131095
FNR	FNR	FNR	FNR	FNR	FNR	FNR	FNR	FNR	FNR
0.17792079207920788	0.18475247524752472	0.1058	0.16732673267326728	0.17287128712871283	0.1588118811881188	0.1728712871287128	0.11910891089108913	0.15633663366336628	0.1593069306930693
0.012323054045715539	0.014225762420326185	0.015045265035884213	0.015434116107049402	0.01875551743805485	0.01243904853428864	0.007722772277227717	0.010520704678800535	0.008435620322563625	0.017437833339194773
0.001232305404571554	0.0014225762420326184	0.0015045265035884214	0.0015434116107049401	0.001875551743805485	0.0012439048534288641	0.0007722772277227717	0.0010520704678800535	0.0008435620322563625	0.0017437833339194772
TP	TP	TP	TP	TP	TP	TP	TP	TP	TP
83.03	82.34	89.42	84.1	83.54	84.96	83.54	88.97	85.21	84.91
1.2446284586172693	1.4368020044529446	1.5045265035884212	1.5588457268119893	1.8943072612435399	1.2563439019631526	0.7800000000000001	1.0625911725588537	0.8519976525789258	1.7612211672586724
0.12446284586172693	0.14368020044529445	0.15045265035884212	0.15588457268119893	0.189430726124354	0.12563439019631525	0.07800000000000001	0.10625911725588537	0.08519976525789258	0.17612211672586725
TN	TN	TN	TN	TN	TN	TN	TN	TN	TN
69.65	76.59	63.59	60.05	68.34	65.75	72.93	61.52	65.31	48.82
1.0988630487917956	1.9498461477767928	1.5817395487247576	2.56661255354212	1.1421033228215387	1.7853571071357126	1.4646159906268945	1.4455448799674122	1.610558909198915	2.5352711886502397
0.10988630487917957	0.19498461477767928	0.15817395487247576	0.25666125535421197	0.11421033228215387	0.17853571071357127	0.14646159906268946	0.14455448799674123	0.1610558909198915	0.253527118865024
FP	FP	FP	FP	FP	FP	FP	FP	FP	FP
31.35	24.41	36.41	40.95	32.66	35.25	28.07	39.48	35.69	52.18
1.0988630487917956	1.9498461477767932	1.5817395487247576	2.56661255354212	1.1421033228215387	1.7853571071357126	1.4646159906268945	1.4455448799674122	1.610558909198915	2.5352711886502397
0.10988630487917957	0.1949846147776793	0.15817395487247576	0.25666125535421197	0.11421033228215387	0.17853571071357127	0.14646159906268946	0.14455448799674123	0.1610558909198915	0.253527118865024
FN	FN	FN	FN	FN	FN	FN	FN	FN	FN
17.97	18.66	10.58	16.9	17.46	16.04	17.46	12.03	15.79	16.09
1.2446284586172693	1.4368020044529448	1.5045265035884214	1.5588457268119895	1.8943072612435397	1.2563439019631528	0.78	1.0625911725588537	0.8519976525789258	1.7612211672586724
0.12446284586172693	0.14368020044529448	0.15045265035884214	0.15588457268119896	0.18943072612435397	0.12563439019631528	0.078	0.10625911725588537	0.08519976525789258	0.17612211672586725
