SVM_1	SVM_2	SVM_3	SVM_4	SVM_5	SVM_6	SVM_7	SVM_8	SVM_9	SVM_10
AucROC	AucROC	AucROC	AucROC	AucROC	AucROC	AucROC	AucROC	AucROC	AucROC
0.8082689795325882	0.789924880243867	0.7963296559732906	0.8179641457395849	0.7524738713891712	0.7469999274205255	0.7544523878647119	0.835566119901292	0.813651473363333	0.7949368558571637
0.0031031236139671407	0.003149481134864847	0.002873543306827441	0.002653608123013231	0.002625667470750172	0.0033494545007858095	0.004335166287069673	0.002230641445407082	0.002901223121837903	0.00326000661781304
0.0003103123613967141	0.0003149481134864847	0.00028735433068274413	0.0002653608123013231	0.0002625667470750172	0.00033494545007858097	0.00043351662870696735	0.0002230641445407082	0.0002901223121837903	0.00032600066178130403
AucPRc	AucPRc	AucPRc	AucPRc	AucPRc	AucPRc	AucPRc	AucPRc	AucPRc	AucPRc
0.8030273368813297	0.7817481499249754	0.8074991001903051	0.8111333515761175	0.7516962581071599	0.74256271233122	0.7567954879477263	0.8583486002712192	0.7979743468862934	0.8077303152628922
0.004004578431561505	0.0037869900810742234	0.0044045238055717886	0.0025382611529840863	0.0027417951139297493	0.00553603219394383	0.004902081167084461	0.0017591262418585594	0.0029703652918476	0.0032321316722659413
0.00040045784315615053	0.0003786990081074223	0.00044045238055717885	0.00025382611529840864	0.00027417951139297494	0.000553603219394383	0.0004902081167084461	0.00017591262418585593	0.00029703652918476	0.00032321316722659415
Accuracy	Accuracy	Accuracy	Accuracy	Accuracy	Accuracy	Accuracy	Accuracy	Accuracy	Accuracy
0.688343373493976	0.6802409638554215	0.6902710843373494	0.7101204819277107	0.6732530120481927	0.6226807228915662	0.6753614457831325	0.7404819277108432	0.7134939759036143	0.694277108433735
0.004790103717825126	0.006094766202381563	0.00588784160480271	0.006115570555764082	0.004865739881038234	0.004361857632155523	0.006809893923365914	0.005742199515562638	0.005952587627487046	0.007625896928416966
0.00047901037178251264	0.0006094766202381563	0.000588784160480271	0.0006115570555764083	0.0004865739881038234	0.00043618576321555224	0.0006809893923365914	0.0005742199515562637	0.0005952587627487047	0.0007625896928416966
F1	F1	F1	F1	F1	F1	F1	F1	F1	F1
0.739810356220524	0.7358269313865293	0.7304793047957828	0.7451374138144509	0.730378207025272	0.7158466880222156	0.7319472592134814	0.755056235655342	0.7625254184885785	0.7382238496341954
0.004551586433302044	0.004827746041910149	0.005013332582789543	0.004699369782806068	0.0037799073410747174	0.002737408473251783	0.005115531845758241	0.005468678816981128	0.004508337898325802	0.0057862480529389205
0.0004551586433302044	0.00048277460419101487	0.0005013332582789543	0.0004699369782806068	0.00037799073410747173	0.0002737408473251783	0.0005115531845758241	0.0005468678816981128	0.0004508337898325802	0.000578624805293892
Precision	Precision	Precision	Precision	Precision	Precision	Precision	Precision	Precision	Precision
0.6349439434721595	0.6268838557107476	0.6465632899251338	0.664880137508109	0.6217042522455835	0.5741119281546764	0.6233490544208382	0.7149230925647084	0.6511365291992903	0.6455126865788664
0.003270259790939373	0.0048897650666421605	0.0049369208443332474	0.005868290847717597	0.003821381676795692	0.003025510085257515	0.005607066969392902	0.005642202732507455	0.005045313676679444	0.006805448923842854
0.0003270259790939373	0.000488976506664216	0.0004936920844333247	0.0005868290847717597	0.0003821381676795692	0.00030255100852575147	0.0005607066969392901	0.0005642202732507454	0.0005045313676679444	0.0006805448923842854
TPR	TPR	TPR	TPR	TPR	TPR	TPR	TPR	TPR	TPR
0.8862048192771084	0.8906626506024096	0.8394578313253009	0.8474698795180723	0.8851204819277111	0.9505421686746989	0.8864457831325301	0.7999999999999998	0.9199397590361449	0.8621084337349397
0.008599700899847955	0.008363520106575198	0.006992883594122842	0.005243386782406963	0.005794103549416068	0.005474640993246533	0.00844985550548526	0.007475707015657149	0.006777844672191039	0.007849607945474917
0.0008599700899847955	0.0008363520106575197	0.0006992883594122842	0.0005243386782406963	0.0005794103549416069	0.0005474640993246533	0.0008449855505485261	0.000747570701565715	0.0006777844672191039	0.0007849607945474917
FPR	FPR	FPR	FPR	FPR	FPR	FPR	FPR	FPR	FPR
0.5095180722891566	0.5301807228915664	0.4589156626506024	0.42722891566265053	0.5386144578313253	0.7051807228915661	0.5357228915662651	0.31903614457831325	0.49295180722891563	0.4735542168674698
0.00632845589718984	0.011189100257894576	0.008703933335497358	0.01073168720079197	0.008263997613378567	0.009818353123797268	0.013122440027805434	0.008033534013575733	0.010878624094346387	0.01386576355784098
0.000632845589718984	0.0011189100257894577	0.0008703933335497358	0.001073168720079197	0.0008263997613378567	0.0009818353123797268	0.0013122440027805433	0.0008033534013575733	0.0010878624094346387	0.001386576355784098
FNR	FNR	FNR	FNR	FNR	FNR	FNR	FNR	FNR	FNR
0.11379518072289158	0.10933734939759036	0.16054216867469878	0.1525301204819277	0.11487951807228917	0.049457831325301196	0.1135542168674699	0.20000000000000004	0.08006024096385542	0.13789156626506027
0.008599700899847953	0.00836352010657519	0.006992883594122828	0.005243386782406975	0.00579410354941606	0.005474640993246535	0.008449855505485262	0.007475707015657141	0.006777844672191034	0.007849607945474915
0.0008599700899847953	0.0008363520106575191	0.0006992883594122829	0.0005243386782406975	0.000579410354941606	0.0005474640993246534	0.0008449855505485262	0.0007475707015657141	0.0006777844672191033	0.0007849607945474915
TP	TP	TP	TP	TP	TP	TP	TP	TP	TP
147.11	147.85	139.35	140.68	146.93	157.79	147.15	132.8	152.71	143.11
1.4275503493747603	1.388344337691482	1.16081867662439	0.8704022058795577	0.9618211892030659	0.9087904048789247	1.4026760139105539	1.2409673645990857	1.1251222155837115	1.3030349189488362
0.14275503493747604	0.1388344337691482	0.116081867662439	0.08704022058795577	0.09618211892030659	0.09087904048789247	0.14026760139105537	0.12409673645990857	0.11251222155837115	0.1303034918948836
TN	TN	TN	TN	TN	TN	TN	TN	TN	TN
81.42	77.99	89.82	95.08	76.59	48.94	77.07	113.04	84.17	87.39
1.0505236789335115	1.8573906428104994	1.444852933692561	1.7814600753314678	1.3718236038208411	1.6298466185503468	2.1783250446157023	1.333566646253572	1.8058515996615006	2.301716750601603
0.10505236789335115	0.18573906428104994	0.1444852933692561	0.17814600753314677	0.13718236038208412	0.16298466185503468	0.21783250446157024	0.1333566646253572	0.18058515996615004	0.23017167506016029
FP	FP	FP	FP	FP	FP	FP	FP	FP	FP
84.58	88.01	76.18	70.92	89.41	117.06	88.93	52.96	81.83	78.61
1.0505236789335115	1.8573906428104994	1.444852933692561	1.7814600753314678	1.3718236038208411	1.6298466185503468	2.1783250446157023	1.333566646253572	1.8058515996615006	2.301716750601603
0.10505236789335115	0.18573906428104994	0.1444852933692561	0.17814600753314677	0.13718236038208412	0.16298466185503468	0.21783250446157024	0.1333566646253572	0.18058515996615004	0.23017167506016029
FN	FN	FN	FN	FN	FN	FN	FN	FN	FN
18.89	18.15	26.65	25.32	19.07	8.21	18.85	33.2	13.29	22.89
1.4275503493747603	1.3883443376914824	1.1608186766243898	0.8704022058795577	0.9618211892030659	0.9087904048789247	1.4026760139105539	1.2409673645990853	1.1251222155837117	1.3030349189488364
0.14275503493747604	0.13883443376914822	0.11608186766243897	0.08704022058795577	0.09618211892030659	0.09087904048789247	0.14026760139105537	0.12409673645990853	0.11251222155837118	0.13030349189488363
