SVM_1	SVM_2	SVM_3	SVM_4	SVM_5	SVM_6	SVM_7	SVM_8	SVM_9	SVM_10
AucROC	AucROC	AucROC	AucROC	AucROC	AucROC	AucROC	AucROC	AucROC	AucROC
0.8104499999999999	0.7665796072682382	0.7453316720066455	0.7581296875000002	0.7537531249999999	0.7993824218750001	0.770599128120057	0.7546383241387292	0.8153786505150267	0.7376216195362834
0.0037116671979949803	0.005123896732746837	0.005213487966606926	0.0039709765530856825	0.004210631946242601	0.004941610652269461	0.005394663841489107	0.003174387126435281	0.00249864260867144	0.00485887447372472
0.00037116671979949803	0.0005123896732746838	0.0005213487966606925	0.00039709765530856827	0.0004210631946242601	0.000494161065226946	0.0005394663841489107	0.0003174387126435281	0.000249864260867144	0.000485887447372472
AucPRc	AucPRc	AucPRc	AucPRc	AucPRc	AucPRc	AucPRc	AucPRc	AucPRc	AucPRc
0.7945845784361641	0.7867007984617891	0.7507431470365382	0.7713085279883738	0.7632908627185333	0.7916654585760183	0.7634669228803783	0.7801026698519629	0.8109065967539667	0.754342443743625
0.005071878036419685	0.007529986366428364	0.006011593440416293	0.004328472711128225	0.004336413319789308	0.004790833822593071	0.008473809956342076	0.0038650817523222104	0.0032363098609387644	0.004425979534987139
0.0005071878036419685	0.0007529986366428364	0.0006011593440416293	0.0004328472711128225	0.0004336413319789308	0.00047908338225930716	0.0008473809956342076	0.000386508175232221	0.00032363098609387647	0.0004425979534987139
Accuracy	Accuracy	Accuracy	Accuracy	Accuracy	Accuracy	Accuracy	Accuracy	Accuracy	Accuracy
0.74690625	0.6281366459627328	0.6705345911949684	0.6619062500000001	0.694125	0.7420625	0.713385093167702	0.6502795031055902	0.7358074534161488	0.6713975155279502
0.007375198620206785	0.006493877189723421	0.00827055981930452	0.008024559469995845	0.007411983540186794	0.0058198877781276736	0.008798142675168336	0.0072818637132364954	0.005238330504786178	0.009051023659303829
0.0007375198620206784	0.0006493877189723421	0.000827055981930452	0.0008024559469995845	0.0007411983540186794	0.0005819887778127674	0.0008798142675168336	0.0007281863713236496	0.0005238330504786178	0.0009051023659303829
F1	F1	F1	F1	F1	F1	F1	F1	F1	F1
0.7675537778917406	0.7159338144799376	0.7096417992584061	0.7176600371571239	0.7100810034850595	0.7568796030703855	0.7463290445115567	0.7063643942215208	0.7594441381566202	0.7000940537215135
0.006170194528441345	0.004484758872278349	0.006873002936910819	0.0064340877853489445	0.006282460722086899	0.0052569712751888145	0.007911532448504689	0.006815764632616183	0.0048594810448145485	0.00850074535630649
0.0006170194528441345	0.00044847588722783487	0.0006873002936910819	0.0006434087785348945	0.0006282460722086899	0.0005256971275188814	0.0007911532448504688	0.0006815764632616182	0.00048594810448145484	0.000850074535630649
Precision	Precision	Precision	Precision	Precision	Precision	Precision	Precision	Precision	Precision
0.7097505714101644	0.5792173560823681	0.6344080348774663	0.6160994484351193	0.6749632659539949	0.7158027878026272	0.6693989648529078	0.6087248287148218	0.6971035184380888	0.6438908587580657
0.007846324871268344	0.004467571969169971	0.007450473956671501	0.006245053624347974	0.008118355771370446	0.006187690828097129	0.0072390774736123325	0.005105887723678173	0.00525575361159178	0.008050420705459489
0.0007846324871268344	0.0004467571969169971	0.0007450473956671501	0.0006245053624347974	0.0008118355771370445	0.0006187690828097129	0.0007239077473612332	0.0005105887723678172	0.000525575361159178	0.0008050420705459488
TPR	TPR	TPR	TPR	TPR	TPR	TPR	TPR	TPR	TPR
0.8356875000000001	0.9372049689440992	0.8052201257861639	0.859375	0.7491249999999999	0.8030000000000004	0.8432919254658385	0.8413664596273291	0.8340993788819876	0.7671428571428569
0.008018289639941925	0.008646489239341205	0.010275082044640284	0.009457966219013486	0.007501041594338731	0.006759252917297888	0.011036167748479798	0.011633989704573603	0.008574803548356408	0.012406667106076179
0.0008018289639941925	0.0008646489239341205	0.0010275082044640285	0.0009457966219013486	0.0007501041594338731	0.0006759252917297888	0.0011036167748479798	0.0011633989704573603	0.0008574803548356408	0.001240666710607618
FPR	FPR	FPR	FPR	FPR	FPR	FPR	FPR	FPR	FPR
0.341875	0.6809316770186333	0.4641509433962263	0.5355625	0.36087500000000006	0.318875	0.41652173913043483	0.5408074534161491	0.3624844720496895	0.42434782608695654
0.013035408509133877	0.013311502388146717	0.014451729928397552	0.012645867655087965	0.012827582585974644	0.00918473597878567	0.011173911317191266	0.008925748946265804	0.009522369141235677	0.013113682703499772
0.0013035408509133877	0.0013311502388146717	0.001445172992839755	0.0012645867655087964	0.0012827582585974644	0.000918473597878567	0.0011173911317191266	0.0008925748946265804	0.0009522369141235677	0.0013113682703499773
FNR	FNR	FNR	FNR	FNR	FNR	FNR	FNR	FNR	FNR
0.16431250000000003	0.06279503105590062	0.1947798742138365	0.14062499999999997	0.25087499999999996	0.19700000000000006	0.15670807453416147	0.1586335403726708	0.1659006211180124	0.23285714285714287
0.008018289639941924	0.00864648923934119	0.010275082044640293	0.00945796621901347	0.0075010415943387474	0.0067592529172978855	0.01103616774847981	0.011633989704573612	0.008574803548356394	0.012406667106076161
0.0008018289639941924	0.000864648923934119	0.0010275082044640294	0.0009457966219013471	0.0007501041594338748	0.0006759252917297885	0.001103616774847981	0.0011633989704573611	0.0008574803548356394	0.0012406667106076162
TP	TP	TP	TP	TP	TP	TP	TP	TP	TP
133.71	150.89	128.03	137.5	119.86	128.48	135.77	135.46	134.29	123.51
1.282926342390708	1.3920847675339316	1.6337380450978058	1.5132745950421556	1.2001666550941998	1.0814804667676619	1.7768230075052498	1.8730723424363516	1.3805433712853792	1.9974734040782625
0.1282926342390708	0.13920847675339315	0.1633738045097806	0.15132745950421556	0.12001666550941999	0.10814804667676618	0.177682300750525	0.18730723424363516	0.13805433712853793	0.19974734040782624
TN	TN	TN	TN	TN	TN	TN	TN	TN	TN
105.3	51.37	85.2	74.31	102.26	108.98	93.94	73.93	102.64	92.68
2.0856653614614213	2.143151884491624	2.2978250586152114	2.0233388248140742	2.0524132137559437	1.4695577566057074	1.798999722067794	1.4370455803487932	1.5331014317389444	2.1113029152634635
0.20856653614614212	0.2143151884491624	0.22978250586152113	0.20233388248140743	0.20524132137559437	0.14695577566057075	0.1798999722067794	0.1437045580348793	0.15331014317389444	0.21113029152634635
FP	FP	FP	FP	FP	FP	FP	FP	FP	FP
54.7	109.63	73.8	85.69	57.74	51.02	67.06	87.07	58.36	68.32
2.0856653614614213	2.1431518844916244	2.2978250586152114	2.0233388248140742	2.052413213755943	1.4695577566057074	1.798999722067794	1.4370455803487932	1.5331014317389444	2.1113029152634635
0.20856653614614212	0.21431518844916245	0.22978250586152113	0.20233388248140743	0.2052413213755943	0.14695577566057075	0.1798999722067794	0.1437045580348793	0.15331014317389444	0.21113029152634635
FN	FN	FN	FN	FN	FN	FN	FN	FN	FN
26.29	10.11	30.97	22.5	40.14	31.52	25.23	25.54	26.71	37.49
1.2829263423907078	1.3920847675339314	1.6337380450978058	1.5132745950421556	1.2001666550941998	1.0814804667676619	1.7768230075052496	1.8730723424363513	1.380543371285379	1.997473404078262
0.12829263423907078	0.13920847675339315	0.1633738045097806	0.15132745950421556	0.12001666550941999	0.10814804667676618	0.17768230075052496	0.18730723424363513	0.1380543371285379	0.1997473404078262
